2439
2439
2439
2439
2213
2438
2438
2435
2435
2435
2435
2435
2435
2435
2435
2435
2435
2374
2144
1435
1304
87
87
2482
1373
2135
2136
1457
906
324
1777
2214
2199
2088
412
276
1205
1100
2572
2572
155
202
2504
2504
2504
2504
2504
2504
340
2143
1198
224
2194
656
1768
2160
2160
2160
2160
2236
2236
650
168
2183
2192
1203
1285
1441
1209
2503
1664
176
2132
867
68
1439
1810
1531
2285
396
1374
1374
1374
1374
1374
2302
2302
358
1315
1345
2403
2403
2403
1758
2562
2401
2401
2401
2401
2462
2462
2462
2462
2180
2376
2376
2532
2532
2215
2311
2311
2216
1686
142
408
1873
728
379
298
169
2383
2383
2027
2338
2487
2487
2487
2487
2487
2487
2487
2487
2487
2487
2487
2487
2487
2487
2487
2487
2487
2487
2487
2487
2487
2487
2510
2510
2510
383
1354
392
64
146
1309
1309
1309
147
808
82
82
195
195
195
1690
278
172
172
1406
740
1678
1678
401
1420
1420
1420
391
1350
1325
1707
743
746
996
2171
2171
1394
363
2196
2196
2196
2196
1530
2397
2527
2527
427
427
427
427
339
1648
1771
1771
2469
1386
1621
2324
857
1950
584
217
1526
380
380
1403
1144
1144
1257
1260
2439
2439
2439
2439
2213
2438
2438
2435
2435
2435
2435
2435
2435
2435
2435
2435
2435
2374
2144
1435
1304
87
87
2482
1373
2135
2136
1457
906
324
1777
2214
2199
2088
412
276
1205
1100
2572
2572
155
202
2504
2504
2504
2504
2504
2504
340
2143
1198
224
2194
656
1768
2160
2160
2160
2160
2236
2236
650
168
2183
2192
1203
1285
1441
1209
2503
1664
176
2132
867
68
1439
1810
6967
3878
3881
2610
2612
2612
3938
3887
2619
3436
3903
2626
2626
2625
2625
2625
4044
4412
4467
4467
3236
4687
2806
4907
4907
2896
2897
2896
2897
4359
6997
2918
3058
3146
3058
3152
3152
3338
5968
5968
6036
6510
6510
3243
3243
6068
6511
6511
6511
6526
6526
6014
6525
3276
3276
3276
3276
5975
3311
3311
3311
5998
6047
6523
6523
6043
6484
6484
6484
6002
6002
5973
6236
3245
6091
6091
5996
7257
6451
5979
3354
3238
6059
6060
6060
3275
6086
6080
6010
6010
6010
6010
6010
3273
6108
3359
3242
6009
6131
6004
3349
6021
3244
3244
6087
6003
5984
6233
6035
6035
3263
3263
3330
3330
3330
6026
6026
3331
3344
6071
3264
6083
6111
3250
3250
6112
5985
3247
3247
3341
5988
3246
3246
3246
3246
3246
3554
3249
3249
6019
3350
3350
6446
6061
6142
6142
6142
3340
3340
3340
3340
3340
6543
6107
3270
6495
6505
6505
3558
3253
3555
3555
3555
4687
6225
6225
3355
3271
6539
6539
3346
3346
6045
6045
7215
6120
6120
6508
6500
6038
6109
7222
7222
3361
3361
5991
5991
6076
6076
6076
6101
6094
6465
6465
6147
6585
6012
6012
6138
5986
5986
5986
5986
6137
5976
5976
5976
5976
5976
6600
3366
3366
3366
3366
3366
3366
3366
3366
7210
7269
6135
6460
6134
6594
6455
6075
6090
5999
6133
6072
3236
6589
3240
3240
3240
6632
6646
3577
3577
3577
3577
3577
3577
3577
3577
3577
3577
6640
6640
3573
3573
3573
3388
3394
3393
3393
6614
6614
6641
6651
3578
3578
3578
3578
3369
3369
3369
3369
3369
3369
3369
3369
3369
3369
3369
6624
3381
3374
3378
3378
3378
3378
3378
3378
3378
3378
3378
3378
3378
3378
3378
3378
3378
3378
3378
3378
3378
3378
3378
3378
3378
3378
3378
3378
3378
3378
3378
3378
3378
6629
6629
3395
3395
3395
3395
3395
3395
3396
3396
3396
3389
3389
3389
3389
3389
3389
3389
3389
3576
3576
6634
3379
6619
3575
6618
6618
6618
3387
3387
3387
3387
3387
3387
3387
3387
3387
3387
3387
3580
3580
3580
3372
3372
3372
3372
3372
3372
3372
3372
3372
3372
3372
3385
3579
3371
3371
3377
3377
3377
3377
3377
3377
3386
6630
3391
3391
3391
6643
6643
3375
3375
3384
3384
3384
3384
3384
6628
3383
3383
3383
3383
3383
3383
3383
3383
3383
3383
3383
3383
3383
3383
3383
6645
3392
3392
3392
6664
6665
3581
3400
3402
3401
6661
3398
4140